     1 201920
     2 203840
     3 210110
     4 235290
     5 235340
     6 235420
     7 236010
     8 270460
     9 280320
    10 281730
    11 304790
    12 307000
    13 318780
    14 402850
    15 409370
    16 435690
    17 470500
    18 470860
    19 215070
    20 217390
    21 231610
    22 304160
    23 327880
    24 236000
    25 290750
    26 470870
    27 298900
    28 301580
    29 219350
    30 331520
    31 199340
    32 230920
    33 279370
    34 280190
    35 282920
    36 293640
    37 306780
    38 318950
    39 294950
    40 211230
    41 268500
    42 279640
    43 280010
    44 295660
    45 298580
    46 298610
    47 301470
    48 265860
    49 272380
    50 302070
    51 308510
    52 224001
    53 281211
    54 213520
    55 302360
    56 502220
    57 185140
    58 465180
    59 493700
    60 293420
    61 305120
    62 219670
    63 268680
    64 279450
    65 279840
    66 477660
    67 236030
    68 216330
    69 218210
    70 218630
    71 227390
    72 456560
    73 215000
    74 238390
    75 220220
    76 228810
    77 308970
    78 492690
    79 224900
    80 210040
    81 234470
    82 214970
    83 216050
    84 223840
    85 283830
    86 331810
    87 277990
    88 300990
    89 296461
    90 296462
    91 470600
    92 103280
    93 112370
    94 117350
    95 125140
    96 128390
    97 131100
    98 133720
    99 137890
   100 143140
   101 148870
   102 156540
   103 159140
   104 160540
   105 163930
   106 167030
   107 167250
   108 168880
   109 170640
   110 171230
   111 180080
   112 205370
   113 228550
   114 228870
   115 371290
   116 376730
   117 432640
   118 113160
   119 117130
   120 131980
   121 134060
   122 134710
   123 136200
   124 153530
   125 154420
   126 156500
   127 158400
   128 160730
   129 176850
   130 178860
   131 179380
   132 179840
   133 183250
   134 207310
   135 207490
   136 224530
   137 371840
   138 377410
   139 109750
   140 122980
   141 126350
   142 127140
   143 128630
   144 128640
   145 131830
   146 148020
   147 148100
   148 150950
   149 156730
   150 157310
   151 163770
   152 165590
   153 167730
   154 168180
   155 170110
   156 182240
   157 189880
   158 194880
   159 369500
   160 369690
   161 373890
   162 374010
   163 375210
   164 377080
   165 461810
   166 118610
   167 118810
   168 121170
   169 126040
   170 135970
   171 154670
   172 155160
   173 161010
   174 162430
   175 169120
   176 169830
   177 175260
   178 369730
   179 370940
   180 374790
   181 399410
   182 120570
   183 142680
   184 142860
   185 146060
   186 155710
   187 162970
   188 164580
   189 165030
   190 166590
   191 177090
   192 189720
   193 216500
   194 289000
   195 380600
   196 119800
   197 124270
   198 127340
   199 143880
   200 176710
   201 193200
   202 247630
   203 372240
   204 378130
   205 421530
   206 121440
   207 124760
   208 130140
   209 132470
   210 143870
   211 170660
   212 173730
   213 176200
   214 250030
   215 376360
   216 379630
   217 126600
   218 134070
   219 144560
   220 149180
   221 159760
   222 181010
   223 189170
   224 216890
   225 379940
   226 450750
   227 144640
   228 148800
   229 149440
   230 153720
   231 178070
   232 208370
   233 281690
   234 371340
   235 378740
   236 111350
   237 111520
   238 133650
   239 138490
   240 146030
   241 193440
   242 246680
   243 129840
   244 144410
   245 188730
   246 373320
   247 380790
   248 421370
   249 168240
   250 180470
   251 374330
   252 120330
   253 100100
   254 100200
   255 101000
   256 101100
   257 101200
   258 101300
   259 101600
   260 101900
   261 102100
   262 103100
   263 103200
   264 100700
   265 101400
   266 102000
   267 102700
   268 100300
   269 100400
   270 100800
   271 101500
   272 101700
   273 103300
   274 103600
   275 100500
   276 103000
   277 103700
   278 103400
   279      0
